0.000000
2.373125
4.746250
7.119376
9.492501
11.865626
14.238751
16.611876
18.985002
19.799598
20.604282
21.408966
22.077841
22.371021
22.664200
22.957379
22.728721
22.411296
22.093872
22.538350
23.302758
24.213697
26.645742
29.077787
31.140524
31.810865
32.481206
33.122174
33.662590
34.399817
35.464161
36.528504
37.000000
37.000000
37.000000
37.897819
38.986642
40.075466
41.309348
43.359538
45.409728
47.477395
49.605493
51.733592
53.889953
56.087851
58.285749
59.695625
58.312413
56.929201
58.576115
66.424639
74.273163
81.777270
87.215883
92.654497
98.093111
100.950079
102.413136
103.876193
103.419462
102.785257
102.151051
102.483120
103.117280
103.751440
104.251800
104.665912
105.368876
107.277749
109.101370
110.138236
111.175102
112.173416
113.021703
113.869990
115.616015
117.524533
119.433051
122.084744
125.050504
128.000000
128.000000
128.000000
128.000000
128.580627
129.340096
130.124105
131.070757
132.006277
132.347577
132.688877
133.124019
134.526651
135.929282
137.331914
137.558706
136.716044
136.104227
136.797878
137.491529
137.796315
137.033349
136.270383
136.000000
136.000000
136.335582
137.029109
137.722637
138.283886
138.756977
139.168614
139.515337
139.862061
139.744835
139.321089
139.000000
139.000000
139.000000
139.060499
139.693835
140.327171
140.960508
141.789626
142.631765
142.805750
142.460563
142.115377
142.717910
143.796249
144.749908
145.674522
146.599135
145.922461
144.020199
142.117936
140.215674
139.400875
140.511539
141.622203
145.109072
149.820885
154.532698
159.244512
161.371459
163.000000
163.000000
163.000000
162.871101
161.008073
159.145044
157.282016
156.326459
157.373255
157.783779
157.244943
156.706106
156.167270
156.000000
156.000000
155.789110
155.387532
155.028904
155.855297
156.681691
157.344374
157.904494
158.464615
158.984709
158.638441
158.292173
157.853272
156.914057
155.974841
155.035626
155.602348
156.228445
156.854542
156.759698
156.446672
156.133646
156.783322
158.150253
159.517184
160.884116
159.848617
158.590582
157.332547
156.074512
160.356969
164.988242
169.619515
172.390047
173.192616
173.995185
175.855194
177.721584
178.631029
177.459816
176.288603
175.117390
174.775160
174.525274
174.275389
174.025503
174.525757
175.111271
175.696785
175.151850
173.392712
171.633574
170.010566
168.464184
166.917803
165.371422
165.665215
166.540715
167.416215
168.255829
169.023631
169.791432
170.559233
171.524019
172.754297
173.984575
174.745162
173.285928
171.826693
170.367459
168.908224
167.291623
165.415636
163.539650
162.715990
166.709565
170.703141
174.696716
178.690291
182.683866
183.000000
183.000000
183.000000
183.000000
182.536703
181.929719
181.322736
180.791584
180.346533
180.276748
181.526934
182.777119
184.027584
185.290556
186.553528
187.816501
189.584967
191.439361
193.293756
195.148150
196.393710
197.121949
197.850189
198.650315
199.469060
200.287804
200.917688
200.285180
199.652672
199.020164
198.387656
194.273394
184.646738
175.020081
165.393424
160.625111
158.501721
156.378331
154.254940
154.771637
155.648560
156.525482
157.392070
158.246471
159.100873
159.955274
160.968785
161.991086
163.013387
164.265365
171.866963
179.468561
187.070159
194.671757
199.981420
204.279169
208.576917
212.874666
213.204549
213.415243
213.625937
213.836630
209.767629
190.924534
172.081439
153.238344
134.395249
107.808555
81.055953
54.303350
27.550748
9.843965
22.111823
34.379681
46.647539
27.110855
0.028436
-27.053983
-44.000000
