300.0
140.00000000000003
40.0
40.0
140.00000000000003
300.0
140.00000000000003
40.0
40.0
140.00000000000003
300.0
140.00000000000003
40.0
40.0
140.00000000000003
300.0
140.00000000000003
40.0
40.0
140.00000000000003
300.0
140.00000000000003
40.0
40.0
140.00000000000003
300.0
140.00000000000003
80.0
140.00000000000003
300.0
140.00000000000003
80.0
140.00000000000003
300.0
140.00000000000003
80.0
140.00000000000003
300.0
140.00000000000003
80.0
140.00000000000003
300.0
140.00000000000003
80.0
140.00000000000003
300.0
140.00000000000003
80.0
140.00000000000003
300.0
140.00000000000003
80.0
140.00000000000003
300.0
180.00000000000003
180.00000000000003
300.0
180.00000000000003
180.00000000000003
300.0
180.00000000000003
180.00000000000003
300.0
180.00000000000003
180.00000000000003
300.0
180.00000000000003
180.00000000000003
300.0
180.00000000000003
180.00000000000003
300.0
180.00000000000003
180.00000000000003
300.0
180.00000000000003
180.00000000000003
300.0
180.00000000000003
180.00000000000003
300.0
180.00000000000003
180.00000000000003
300.0
180.00000000000003
180.00000000000003
300.0
180.00000000000003
180.00000000000003
300.0
180.00000000000003
180.00000000000003
300.0
180.00000000000003
180.00000000000003
300.0
180.00000000000003
180.00000000000003
300.0
180.00000000000003
180.00000000000003
300.0
180.00000000000003
180.00000000000003
300.0
180.00000000000003
180.00000000000003
300.0
180.00000000000003
180.00000000000003
300.0
180.00000000000003
180.00000000000003
300.0
180.00000000000003
180.00000000000003
300.0
180.00000000000003
180.00000000000003
300.0
180.00000000000003
180.00000000000003
300.0
180.00000000000003
180.00000000000003
300.0
180.00000000000003
180.00000000000003
300.0
180.00000000000003
180.00000000000003
300.0
180.00000000000003
180.00000000000003
300.0
180.00000000000003
180.00000000000003
300.0
180.00000000000003
180.00000000000003
300.0
180.00000000000003
180.00000000000003
300.0
180.00000000000003
180.00000000000003
300.0
180.00000000000003
180.00000000000003
300.0
180.00000000000003
180.00000000000003
300.0
180.00000000000003
180.00000000000003
300.0
180.00000000000003
180.00000000000003
300.0
180.00000000000003
180.00000000000003
300.0
180.00000000000003
180.00000000000003
300.0
180.00000000000003
180.00000000000003
300.0
180.00000000000003
180.00000000000003
300.0
180.00000000000003
180.00000000000003
300.0
180.00000000000003
180.00000000000003
300.0
180.00000000000003
180.00000000000003
300.0
180.00000000000003
180.00000000000003
300.0
180.00000000000003
180.00000000000003
300.0
180.00000000000003
180.00000000000003
300.0
180.00000000000003
180.00000000000003
300.0
200.0
270.00000000000006
500.00000000000006
270.00000000000006
200.0
300.0
200.0
270.00000000000006
500.00000000000006
270.00000000000006
200.0
300.0
200.0
270.00000000000006
500.00000000000006
270.00000000000006
200.0
340.00000000000006
280.00000000000006
340.00000000000006
180.00000000000003
180.00000000000003
300.0
180.00000000000003
180.00000000000003
300.0
180.00000000000003
180.00000000000003
340.00000000000006
280.00000000000006
340.00000000000006
200.0
270.00000000000006
500.00000000000006
270.00000000000006
200.0
300.0
180.00000000000003
180.00000000000003
300.0
180.00000000000003
180.00000000000003
300.0
200.0
270.00000000000006
500.00000000000006
270.00000000000006
200.0
300.0
200.0
270.00000000000006
500.00000000000006
270.00000000000006
200.0
300.0
200.0
270.00000000000006
500.00000000000006
