300.0
140.00000000000003
40.00000000000001
40.00000000000001
140.00000000000003
300.0
140.00000000000003
40.00000000000001
40.00000000000001
140.00000000000003
300.0
140.00000000000003
40.00000000000001
40.00000000000001
140.00000000000003
300.0
140.00000000000003
40.00000000000001
40.00000000000001
140.00000000000003
300.0
140.00000000000003
40.00000000000001
40.00000000000001
140.00000000000003
300.0
140.00000000000003
80.00000000000001
140.00000000000003
300.0
140.00000000000003
80.00000000000001
140.00000000000003
300.0
140.00000000000003
80.00000000000001
140.00000000000003
300.0
140.00000000000003
80.00000000000001
140.00000000000003
300.0
140.00000000000003
80.00000000000001
140.00000000000003
300.0
140.00000000000003
80.00000000000001
140.00000000000003
300.0
140.00000000000003
80.00000000000001
140.00000000000003
300.0
180.0
180.0
300.0
180.0
180.0
300.0
180.0
180.0
300.0
180.0
180.0
300.0
180.0
180.0
300.0
180.0
180.0
300.0
180.0
180.0
300.0
180.0
180.0
300.0
180.0
180.0
300.0
180.0
180.0
300.0
180.0
180.0
300.0
180.0
180.0
300.0
180.0
180.0
300.0
180.0
180.0
300.0
180.0
180.0
300.0
180.0
180.0
300.0
180.0
180.0
300.0
180.0
180.0
300.0
180.0
180.0
300.0
180.0
180.0
300.0
180.0
180.0
300.0
180.0
180.0
300.0
180.0
180.0
300.0
180.0
180.0
300.0
180.0
180.0
300.0
180.0
180.0
300.0
180.0
180.0
300.0
180.0
180.0
300.0
180.0
180.0
300.0
180.0
180.0
300.0
180.0
180.0
300.0
180.0
180.0
300.0
180.0
180.0
300.0
180.0
180.0
300.0
180.0
180.0
300.0
180.0
180.0
300.0
180.0
180.0
300.0
180.0
180.0
300.0
180.0
180.0
300.0
180.0
180.0
300.0
180.0
180.0
300.0
180.0
180.0
300.0
180.0
180.0
300.0
180.0
180.0
300.0
180.0
180.0
300.0
180.0
180.0
340.0000000000001
280.00000000000006
380.0000000000001
280.00000000000006
380.0000000000001
280.00000000000006
380.0000000000001
280.00000000000006
380.0000000000001
280.00000000000006
380.0000000000001
280.00000000000006
380.0000000000001
280.00000000000006
380.0000000000001
280.00000000000006
380.0000000000001
280.00000000000006
380.0000000000001
280.00000000000006
340.0000000000001
180.0
180.0
300.0
180.0
180.0
300.0
180.0
180.0
340.0000000000001
280.00000000000006
380.0000000000001
280.00000000000006
380.0000000000001
280.00000000000006
380.0000000000001
280.00000000000006
340.0000000000001
180.0
180.0
300.0
180.0
180.0
340.0000000000001
280.00000000000006
380.0000000000001
280.00000000000006
380.0000000000001
280.00000000000006
380.0000000000001
280.00000000000006
380.0000000000001
280.00000000000006
380.0000000000001
280.00000000000006
380.0000000000001
280.00000000000006
380.0000000000001
280.00000000000006
380.0000000000001
280.00000000000006
380.0000000000001
280.00000000000006
380.0000000000001
280.00000000000006
380.0000000000001
280.00000000000006
380.0000000000001
280.00000000000006
380.0000000000001
280.00000000000006
380.0000000000001
280.00000000000006
380.0000000000001
280.00000000000006
380.0000000000001
280.00000000000006
380.0000000000001
280.00000000000006
380.0000000000001
280.00000000000006
380.0000000000001
280.00000000000006
340.0000000000001
180.0
180.0
300.0
180.0
180.0
300.0
180.0
180.0
300.0
180.0
180.0
300.0
180.0
180.0
340.0000000000001
280.00000000000006
380.0000000000001
280.00000000000006
380.0000000000001
280.00000000000006
380.0000000000001
280.00000000000006
380.0000000000001
280.00000000000006
380.0000000000001
280.00000000000006
380.0000000000001
280.00000000000006
340.0000000000001
180.0
180.0
300.0
140.00000000000003
80.00000000000001
140.00000000000003
300.0
140.00000000000003
80.00000000000001
140.00000000000003
300.0
140.00000000000003
40.00000000000001
0.0
