40.0
140.0
300.0
140.0
40.0
40.0
140.0
300.0
140.0
40.0
40.0
140.0
300.0
140.0
40.0
40.0
140.0
300.0
140.0
40.0
40.0
140.0
300.0
140.0
80.0
140.0
300.0
140.0
80.0
140.0
300.0
140.0
80.0
140.0
300.0
140.0
80.0
140.0
300.0
140.0
80.0
140.0
300.0
180.0
180.0
300.0
140.0
80.0
140.0
300.0
140.0
80.0
140.0
300.0
180.0
180.0
300.0
180.0
180.0
300.0
180.0
180.0
300.0
180.0
180.0
300.0
180.0
180.0
300.0
180.0
180.0
300.0
180.0
180.0
300.0
180.0
180.0
300.0
180.0
180.0
300.0
180.0
180.0
300.0
180.0
180.0
300.0
180.0
180.0
300.0
180.0
180.0
300.0
180.0
180.0
300.0
180.0
180.0
300.0
180.0
180.0
300.0
180.0
180.0
300.0
180.0
180.0
300.0
180.0
180.0
300.0
180.0
180.0
300.0
180.0
180.0
300.0
180.0
180.0
300.0
180.0
180.0
300.0
180.0
180.0
300.0
180.0
180.0
300.0
180.0
180.0
300.0
180.0
180.0
300.0
180.0
180.0
300.0
180.0
180.0
300.0
180.0
180.0
300.0
180.0
180.0
300.0
180.0
180.0
300.0
180.0
180.0
300.0
180.0
180.0
300.0
180.0
180.0
300.0
180.0
180.0
300.0
180.0
180.0
300.0
180.0
180.0
300.0
180.0
180.0
300.0
180.0
180.0
300.0
180.0
180.0
300.0
180.0
180.0
300.0
180.0
180.0
300.0
180.0
180.0
300.0
180.0
180.0
300.0
180.0
180.0
340.00000000000006
280.0
380.0
280.0
380.0
280.0
380.0
280.0
380.0
280.0
380.0
280.0
380.0
280.0
380.0
280.0
380.0
280.0
380.0
280.0
340.00000000000006
180.0
180.0
300.0
180.0
180.0
300.0
180.0
180.0
340.00000000000006
280.0
380.0
280.0
380.0
280.0
380.0
280.0
340.00000000000006
180.0
180.0
300.0
180.0
180.0
340.00000000000006
280.0
380.0
280.0
380.0
280.0
380.0
280.0
380.0
280.0
380.0
280.0
380.0
280.0
380.0
280.0
380.0
280.0
380.0
280.0
380.0
280.0
380.0
280.0
380.0
280.0
380.0
280.0
380.0
280.0
380.0
320.00000000000006
480.00000000000006
440.0
220.00000000000003
220.00000000000003
440.0
440.0
220.00000000000003
180.0
300.0
180.0
180.0
300.0
180.0
180.0
300.0
180.0
180.0
300.0
180.0
180.0
300.0
180.0
180.0
340.00000000000006
280.0
380.0
280.0
380.0
280.0
380.0
280.0
380.0
280.0
380.0
320.00000000000006
480.00000000000006
440.0
220.00000000000003
180.0
300.0
180.0
180.0
300.0
140.0
40.0
40.0
140.0
300.0
140.0
40.0
0.0
0.0
