0
1250
2500
3750
5000
6250
7250
8250
9250
10250
11250
12250
13250
14000
14750
15500
16250
17000
17750
18500
19250
20000
20750
21500
22250
23000
23750
24500
25250
26000
26750
27500
28250
29000
29750
30500
31250
32000
32750
33500
34250
35000
35750
36500
37250
38000
38750
39500
40250
41000
41750
42500
43250
44000
44750
45500
46250
47000
47750
48250
48750
49250
49750
50250
50750
51250
51750
52250
52750
53500
54250
55000
55500
56000
56500
57000
57750
58500
59000
59500
60000
60500
61000
61500
62000
62500
63000
63500
64000
64500
65000
65500
66000
66500
67000
67500
68000
68750
69500
70250
71000
71750
72500
72750
73500
73750
74250
74750
75250
75750
76250
77000
78250
