300.0
140.00000000000003
40.00000000000001
40.00000000000001
140.00000000000003
300.0
140.00000000000003
40.00000000000001
40.00000000000001
140.00000000000003
300.0
140.00000000000003
40.00000000000001
40.00000000000001
140.00000000000003
300.0
140.00000000000003
40.00000000000001
40.00000000000001
140.00000000000003
300.0
140.00000000000003
40.00000000000001
40.00000000000001
140.00000000000003
300.0
140.00000000000003
80.00000000000001
140.00000000000003
300.0
140.00000000000003
80.00000000000001
140.00000000000003
300.0
140.00000000000003
80.00000000000001
140.00000000000003
300.0
140.00000000000003
80.00000000000001
140.00000000000003
300.0
140.00000000000003
80.00000000000001
140.00000000000003
300.0
140.00000000000003
80.00000000000001
140.00000000000003
300.0
140.00000000000003
80.00000000000001
140.00000000000003
300.0
180.0
180.0
300.0
180.0
180.0
300.0
180.0
180.0
300.0
180.0
180.0
300.0
180.0
180.0
300.0
180.0
180.0
300.0
180.0
180.0
300.0
180.0
180.0
300.0
180.0
180.0
300.0
180.0
180.0
300.0
180.0
180.0
300.0
180.0
180.0
300.0
180.0
180.0
300.0
180.0
180.0
300.0
180.0
180.0
300.0
180.0
180.0
300.0
180.0
180.0
300.0
180.0
180.0
300.0
180.0
180.0
300.0
180.0
180.0
300.0
180.0
180.0
300.0
180.0
180.0
300.0
180.0
180.0
300.0
180.0
180.0
300.0
180.0
180.0
300.0
180.0
180.0
300.0
180.0
180.0
300.0
180.0
180.0
300.0
180.0
180.0
300.0
180.0
180.0
300.0
180.0
180.0
300.0
180.0
180.0
300.0
180.0
180.0
300.0
180.0
180.0
300.0
180.0
180.0
300.0
180.0
180.0
300.0
180.0
180.0
300.0
180.0
180.0
300.0
180.0
180.0
300.0
180.0
180.0
300.0
180.0
180.0
300.0
180.0
180.0
300.0
180.0
180.0
300.0
180.0
180.0
300.0
180.0
180.0
300.0
180.0
180.0
340.00000000000006
280.00000000000006
380.0
280.00000000000006
380.0
280.00000000000006
380.0
280.00000000000006
380.0
280.00000000000006
380.0
280.00000000000006
380.0
280.00000000000006
380.0
280.00000000000006
380.0
280.00000000000006
380.0
280.00000000000006
340.00000000000006
180.0
180.0
300.0
180.0
180.0
300.0
180.0
180.0
340.00000000000006
280.00000000000006
380.0
280.00000000000006
380.0
280.00000000000006
380.0
280.00000000000006
340.00000000000006
180.0
180.0
300.0
180.0
180.0
340.00000000000006
280.00000000000006
380.0
280.00000000000006
380.0
280.00000000000006
380.0
280.00000000000006
380.0
280.00000000000006
380.0
280.00000000000006
380.0
280.00000000000006
380.0
280.00000000000006
380.0
280.00000000000006
380.0
280.00000000000006
380.0
280.00000000000006
380.0
280.00000000000006
380.0
280.00000000000006
380.0
280.00000000000006
380.0
280.00000000000006
380.0
280.00000000000006
380.0
280.00000000000006
380.0
280.00000000000006
380.0
280.00000000000006
340.00000000000006
180.0
180.0
300.0
180.0
180.0
300.0
180.0
180.0
300.0
180.0
180.0
300.0
180.0
180.0
300.0
180.0
220.00000000000003
440.0
440.0
220.00000000000003
220.00000000000003
440.0
480.0
320.00000000000006
380.0
280.00000000000006
380.0
280.00000000000006
380.0
280.00000000000006
380.0
280.00000000000006
340.00000000000006
180.0
180.0
300.0
140.00000000000003
40.00000000000001
40.00000000000001
140.00000000000003
300.0
140.00000000000003
40.00000000000001
0.0
0.0
